%%MatrixMarket matrix coordinate real general
188 900 2266
1 1 1.0
1 157 1.0
1 193 1.0
1 241 1.0
1 281 1.0
1 286 1.0
1 350 1.0
1 352 1.0
1 517 1.0
1 522 1.0
1 573 1.0
1 700 1.0
2 2 1.0
2 45 1.0
2 125 1.0
2 156 1.0
2 208 1.0
2 376 1.0
2 413 1.0
2 420 1.0
2 507 1.0
2 579 1.0
2 589 1.0
2 636 1.0
2 761 1.0
3 2 1.0
3 95 1.0
3 124 1.0
3 131 1.0
3 156 1.0
3 182 1.0
3 264 1.0
3 338 1.0
3 341 1.0
3 367 1.0
3 407 1.0
3 429 1.0
3 525 1.0
3 756 1.0
3 786 1.0
3 806 1.0
3 812 1.0
3 895 1.0
3 898 1.0
3 899 1.0
4 15 1.0
4 96 1.0
4 229 1.0
4 230 1.0
4 259 1.0
4 338 1.0
4 543 1.0
4 693 1.0
5 2 1.0
5 9 1.0
5 32 1.0
5 78 1.0
5 128 1.0
5 144 1.0
5 150 1.0
5 160 1.0
5 177 1.0
5 180 1.0
5 232 1.0
5 247 1.0
5 252 1.0
5 323 1.0
5 389 1.0
5 411 1.0
5 425 1.0
5 436 1.0
5 439 1.0
5 496 1.0
5 538 1.0
5 553 1.0
5 555 1.0
5 560 1.0
5 587 1.0
5 752 1.0
5 780 1.0
5 850 1.0
6 3 1.0
6 74 1.0
6 79 1.0
6 181 1.0
6 212 1.0
6 243 1.0
6 363 1.0
6 498 1.0
6 527 1.0
6 597 1.0
6 642 1.0
6 708 1.0
6 771 1.0
7 22 1.0
7 83 1.0
7 255 1.0
7 289 1.0
7 332 1.0
7 394 1.0
7 479 1.0
7 598 1.0
7 658 1.0
7 691 1.0
8 4 1.0
8 25 1.0
8 36 1.0
8 39 1.0
8 85 1.0
8 146 1.0
8 281 1.0
8 301 1.0
8 356 1.0
8 378 1.0
8 382 1.0
8 395 1.0
8 397 1.0
8 428 1.0
8 448 1.0
8 451 1.0
8 472 1.0
8 473 1.0
8 489 1.0
8 625 1.0
8 646 1.0
8 657 1.0
8 688 1.0
8 795 1.0
8 796 1.0
8 806 1.0
8 833 1.0
8 834 1.0
8 837 1.0
8 892 1.0
9 4 1.0
9 121 1.0
9 157 1.0
9 168 1.0
9 188 1.0
9 254 1.0
9 281 1.0
9 354 1.0
9 498 1.0
9 506 1.0
9 581 1.0
9 590 1.0
9 616 1.0
9 633 1.0
9 700 1.0
9 707 1.0
9 726 1.0
10 4 1.0
10 36 1.0
10 37 1.0
10 39 1.0
10 73 1.0
10 85 1.0
10 91 1.0
10 128 1.0
10 138 1.0
10 157 1.0
10 161 1.0
10 185 1.0
10 206 1.0
10 279 1.0
10 315 1.0
10 316 1.0
10 337 1.0
10 338 1.0
10 420 1.0
10 458 1.0
10 522 1.0
10 528 1.0
10 579 1.0
10 651 1.0
10 758 1.0
11 6 1.0
11 71 1.0
11 73 1.0
11 96 1.0
11 238 1.0
11 522 1.0
11 837 1.0
11 870 1.0
12 6 1.0
12 12 1.0
12 22 1.0
12 240 1.0
12 429 1.0
12 495 1.0
12 732 1.0
12 835 1.0
12 851 1.0
13 6 1.0
13 16 1.0
13 93 1.0
13 119 1.0
13 120 1.0
13 157 1.0
13 171 1.0
13 184 1.0
13 189 1.0
13 198 1.0
13 199 1.0
13 216 1.0
13 243 1.0
13 288 1.0
13 339 1.0
13 352 1.0
13 416 1.0
13 476 1.0
13 578 1.0
13 638 1.0
13 776 1.0
13 786 1.0
13 828 1.0
14 6 1.0
14 7 1.0
14 10 1.0
14 20 1.0
14 21 1.0
14 139 1.0
14 182 1.0
14 249 1.0
14 319 1.0
14 379 1.0
14 424 1.0
14 427 1.0
14 516 1.0
14 690 1.0
14 727 1.0
14 816 1.0
15 6 1.0
15 7 1.0
15 152 1.0
15 270 1.0
15 327 1.0
15 375 1.0
15 406 1.0
15 532 1.0
15 557 1.0
16 6 1.0
16 39 1.0
16 81 1.0
16 376 1.0
16 508 1.0
16 673 1.0
16 761 1.0
16 786 1.0
16 876 1.0
17 7 1.0
17 38 1.0
17 60 1.0
17 110 1.0
17 282 1.0
17 328 1.0
17 385 1.0
17 457 1.0
18 7 1.0
18 45 1.0
18 62 1.0
18 131 1.0
18 133 1.0
18 182 1.0
18 366 1.0
18 452 1.0
18 512 1.0
19 7 1.0
19 45 1.0
19 62 1.0
19 95 1.0
19 121 1.0
19 168 1.0
19 169 1.0
19 185 1.0
19 264 1.0
19 345 1.0
19 352 1.0
19 482 1.0
19 575 1.0
19 579 1.0
19 708 1.0
19 806 1.0
20 131 1.0
20 167 1.0
20 168 1.0
20 199 1.0
20 259 1.0
20 303 1.0
20 304 1.0
20 310 1.0
20 326 1.0
20 480 1.0
20 568 1.0
20 640 1.0
20 707 1.0
20 713 1.0
20 833 1.0
20 848 1.0
21 7 1.0
21 15 1.0
21 22 1.0
21 47 1.0
21 49 1.0
21 50 1.0
21 83 1.0
21 167 1.0
21 169 1.0
21 236 1.0
21 242 1.0
21 252 1.0
21 258 1.0
21 269 1.0
21 273 1.0
21 286 1.0
21 289 1.0
21 322 1.0
21 327 1.0
21 328 1.0
21 331 1.0
21 375 1.0
21 507 1.0
21 555 1.0
21 643 1.0
21 729 1.0
21 770 1.0
21 802 1.0
21 806 1.0
21 827 1.0
21 866 1.0
21 878 1.0
22 7 1.0
22 42 1.0
22 84 1.0
22 93 1.0
22 226 1.0
22 227 1.0
22 241 1.0
22 258 1.0
22 259 1.0
22 341 1.0
22 482 1.0
22 547 1.0
22 707 1.0
22 709 1.0
22 712 1.0
22 819 1.0
23 7 1.0
23 114 1.0
23 193 1.0
23 209 1.0
23 276 1.0
23 458 1.0
23 472 1.0
23 476 1.0
23 507 1.0
23 509 1.0
23 600 1.0
23 626 1.0
23 636 1.0
23 695 1.0
23 777 1.0
23 780 1.0
23 786 1.0
23 800 1.0
23 806 1.0
23 839 1.0
24 7 1.0
24 109 1.0
24 157 1.0
24 169 1.0
24 186 1.0
24 193 1.0
24 204 1.0
24 208 1.0
24 279 1.0
24 365 1.0
24 423 1.0
24 504 1.0
24 581 1.0
24 658 1.0
24 686 1.0
24 759 1.0
24 786 1.0
24 828 1.0
24 829 1.0
24 844 1.0
24 857 1.0
24 869 1.0
24 874 1.0
24 889 1.0
24 896 1.0
24 900 1.0
25 7 1.0
25 43 1.0
25 55 1.0
25 62 1.0
25 63 1.0
25 67 1.0
25 95 1.0
25 171 1.0
25 199 1.0
25 409 1.0
25 420 1.0
25 657 1.0
25 660 1.0
25 684 1.0
25 887 1.0
26 12 1.0
26 192 1.0
26 193 1.0
26 380 1.0
26 382 1.0
26 488 1.0
26 620 1.0
26 660 1.0
27 7 1.0
27 155 1.0
27 168 1.0
27 185 1.0
27 209 1.0
27 377 1.0
27 647 1.0
27 708 1.0
28 7 1.0
28 45 1.0
28 157 1.0
28 169 1.0
28 216 1.0
28 246 1.0
28 311 1.0
28 312 1.0
28 522 1.0
28 570 1.0
28 575 1.0
28 684 1.0
28 734 1.0
28 737 1.0
28 803 1.0
28 812 1.0
28 842 1.0
28 847 1.0
29 7 1.0
29 42 1.0
29 157 1.0
29 259 1.0
29 336 1.0
29 354 1.0
29 624 1.0
29 708 1.0
29 737 1.0
30 61 1.0
30 121 1.0
30 227 1.0
30 286 1.0
30 377 1.0
30 389 1.0
30 406 1.0
30 420 1.0
30 466 1.0
30 679 1.0
30 779 1.0
31 7 1.0
31 73 1.0
31 116 1.0
31 118 1.0
31 154 1.0
31 157 1.0
31 200 1.0
31 224 1.0
31 312 1.0
31 433 1.0
31 467 1.0
31 564 1.0
31 569 1.0
31 578 1.0
31 621 1.0
31 707 1.0
31 722 1.0
31 784 1.0
31 864 1.0
32 371 1.0
32 406 1.0
32 425 1.0
32 427 1.0
32 570 1.0
32 598 1.0
32 607 1.0
32 816 1.0
33 10 1.0
33 23 1.0
33 73 1.0
33 96 1.0
33 117 1.0
33 126 1.0
33 164 1.0
33 185 1.0
33 189 1.0
33 235 1.0
33 319 1.0
33 415 1.0
33 416 1.0
33 429 1.0
33 438 1.0
33 459 1.0
33 551 1.0
33 579 1.0
33 611 1.0
33 664 1.0
33 693 1.0
33 697 1.0
33 706 1.0
33 763 1.0
33 806 1.0
33 859 1.0
34 10 1.0
34 96 1.0
34 121 1.0
34 280 1.0
34 339 1.0
34 389 1.0
34 513 1.0
34 604 1.0
35 11 1.0
35 33 1.0
35 196 1.0
35 216 1.0
35 338 1.0
35 347 1.0
35 481 1.0
35 654 1.0
35 660 1.0
35 665 1.0
35 707 1.0
35 786 1.0
35 801 1.0
35 812 1.0
36 11 1.0
36 45 1.0
36 247 1.0
36 484 1.0
36 515 1.0
36 608 1.0
36 708 1.0
36 812 1.0
36 821 1.0
37 11 1.0
37 252 1.0
37 259 1.0
37 548 1.0
37 557 1.0
37 625 1.0
37 658 1.0
37 706 1.0
37 745 1.0
37 763 1.0
37 804 1.0
37 855 1.0
38 11 1.0
38 37 1.0
38 95 1.0
38 121 1.0
38 155 1.0
38 179 1.0
38 180 1.0
38 199 1.0
38 214 1.0
38 241 1.0
38 369 1.0
38 516 1.0
38 534 1.0
38 617 1.0
38 622 1.0
38 660 1.0
38 755 1.0
39 12 1.0
39 42 1.0
39 193 1.0
39 202 1.0
39 209 1.0
39 227 1.0
39 234 1.0
39 259 1.0
39 320 1.0
39 341 1.0
39 348 1.0
39 420 1.0
39 435 1.0
39 444 1.0
39 616 1.0
39 886 1.0
40 61 1.0
40 75 1.0
40 89 1.0
40 99 1.0
40 130 1.0
40 173 1.0
40 182 1.0
40 348 1.0
40 378 1.0
40 398 1.0
40 616 1.0
40 664 1.0
40 669 1.0
40 707 1.0
40 747 1.0
40 758 1.0
41 12 1.0
41 121 1.0
41 157 1.0
41 234 1.0
41 240 1.0
41 435 1.0
41 504 1.0
41 625 1.0
41 827 1.0
42 12 1.0
42 26 1.0
42 98 1.0
42 552 1.0
42 577 1.0
42 639 1.0
42 648 1.0
42 728 1.0
43 27 1.0
43 141 1.0
43 224 1.0
43 233 1.0
43 316 1.0
43 429 1.0
43 520 1.0
43 540 1.0
43 579 1.0
44 13 1.0
44 95 1.0
44 104 1.0
44 131 1.0
44 199 1.0
44 202 1.0
44 249 1.0
44 304 1.0
44 350 1.0
44 383 1.0
44 606 1.0
44 748 1.0
44 760 1.0
44 780 1.0
44 783 1.0
44 786 1.0
44 815 1.0
45 15 1.0
45 85 1.0
45 125 1.0
45 126 1.0
45 157 1.0
45 179 1.0
45 278 1.0
45 286 1.0
45 369 1.0
45 444 1.0
45 456 1.0
46 63 1.0
46 157 1.0
46 169 1.0
46 174 1.0
46 200 1.0
46 548 1.0
46 601 1.0
46 696 1.0
46 856 1.0
47 15 1.0
47 48 1.0
47 174 1.0
47 201 1.0
47 247 1.0
47 453 1.0
47 700 1.0
47 853 1.0
48 19 1.0
48 21 1.0
48 135 1.0
48 137 1.0
48 242 1.0
48 328 1.0
48 411 1.0
48 464 1.0
48 465 1.0
48 539 1.0
48 582 1.0
48 584 1.0
48 630 1.0
48 645 1.0
48 744 1.0
48 751 1.0
48 783 1.0
49 17 1.0
49 19 1.0
49 47 1.0
49 91 1.0
49 214 1.0
49 252 1.0
49 328 1.0
49 369 1.0
49 394 1.0
49 399 1.0
49 439 1.0
49 693 1.0
50 19 1.0
50 382 1.0
50 406 1.0
50 430 1.0
50 450 1.0
50 509 1.0
50 546 1.0
50 616 1.0
50 617 1.0
50 853 1.0
50 884 1.0
51 19 1.0
51 91 1.0
51 95 1.0
51 260 1.0
51 321 1.0
51 498 1.0
51 500 1.0
51 646 1.0
52 19 1.0
52 27 1.0
52 147 1.0
52 377 1.0
52 584 1.0
52 602 1.0
52 633 1.0
52 859 1.0
53 20 1.0
53 62 1.0
53 69 1.0
53 179 1.0
53 260 1.0
53 357 1.0
53 409 1.0
53 668 1.0
54 21 1.0
54 48 1.0
54 156 1.0
54 252 1.0
54 280 1.0
54 363 1.0
54 525 1.0
54 697 1.0
55 22 1.0
55 23 1.0
55 37 1.0
55 45 1.0
55 48 1.0
55 168 1.0
55 171 1.0
55 172 1.0
55 179 1.0
55 319 1.0
55 341 1.0
55 459 1.0
55 482 1.0
55 490 1.0
55 508 1.0
55 595 1.0
55 664 1.0
55 687 1.0
55 747 1.0
55 867 1.0
55 870 1.0
56 26 1.0
56 168 1.0
56 171 1.0
56 214 1.0
56 248 1.0
56 250 1.0
56 304 1.0
56 346 1.0
56 355 1.0
56 564 1.0
56 747 1.0
57 23 1.0
57 45 1.0
57 156 1.0
57 290 1.0
57 338 1.0
57 384 1.0
57 419 1.0
57 425 1.0
57 427 1.0
57 476 1.0
57 589 1.0
57 656 1.0
57 711 1.0
57 800 1.0
57 853 1.0
58 157 1.0
58 208 1.0
58 215 1.0
58 217 1.0
58 330 1.0
58 388 1.0
58 424 1.0
58 454 1.0
58 459 1.0
59 26 1.0
59 43 1.0
59 121 1.0
59 279 1.0
59 298 1.0
59 302 1.0
59 404 1.0
59 407 1.0
59 447 1.0
59 482 1.0
59 485 1.0
59 660 1.0
59 661 1.0
59 692 1.0
59 707 1.0
59 740 1.0
60 62 1.0
60 121 1.0
60 168 1.0
60 220 1.0
60 228 1.0
60 234 1.0
60 337 1.0
60 343 1.0
60 367 1.0
60 438 1.0
60 575 1.0
60 604 1.0
60 657 1.0
60 662 1.0
60 707 1.0
60 865 1.0
60 872 1.0
61 26 1.0
61 29 1.0
61 41 1.0
61 199 1.0
61 299 1.0
61 304 1.0
61 611 1.0
61 756 1.0
61 760 1.0
62 26 1.0
62 86 1.0
62 95 1.0
62 169 1.0
62 200 1.0
62 275 1.0
62 390 1.0
62 401 1.0
63 26 1.0
63 42 1.0
63 85 1.0
63 200 1.0
63 212 1.0
63 227 1.0
63 350 1.0
63 402 1.0
63 567 1.0
63 832 1.0
64 95 1.0
64 131 1.0
64 199 1.0
64 667 1.0
64 681 1.0
64 687 1.0
64 747 1.0
64 812 1.0
64 894 1.0
65 26 1.0
65 95 1.0
65 167 1.0
65 168 1.0
65 235 1.0
65 352 1.0
65 469 1.0
65 707 1.0
65 731 1.0
66 27 1.0
66 82 1.0
66 157 1.0
66 185 1.0
66 227 1.0
66 303 1.0
66 313 1.0
66 518 1.0
66 615 1.0
66 719 1.0
66 756 1.0
67 28 1.0
67 62 1.0
67 95 1.0
67 117 1.0
67 121 1.0
67 168 1.0
67 517 1.0
67 622 1.0
67 731 1.0
68 29 1.0
68 62 1.0
68 75 1.0
68 104 1.0
68 123 1.0
68 298 1.0
68 525 1.0
68 763 1.0
69 29 1.0
69 157 1.0
69 196 1.0
69 271 1.0
69 385 1.0
69 498 1.0
69 805 1.0
69 854 1.0
69 885 1.0
70 259 1.0
70 466 1.0
70 493 1.0
70 522 1.0
70 661 1.0
70 662 1.0
70 691 1.0
70 708 1.0
70 767 1.0
70 879 1.0
71 30 1.0
71 67 1.0
71 95 1.0
71 244 1.0
71 344 1.0
71 455 1.0
71 472 1.0
71 595 1.0
71 616 1.0
71 646 1.0
71 665 1.0
72 30 1.0
72 87 1.0
72 104 1.0
72 131 1.0
72 171 1.0
72 207 1.0
72 226 1.0
72 286 1.0
72 352 1.0
72 361 1.0
72 420 1.0
72 471 1.0
72 602 1.0
72 708 1.0
72 812 1.0
72 842 1.0
73 30 1.0
73 43 1.0
73 95 1.0
73 131 1.0
73 164 1.0
73 179 1.0
73 199 1.0
73 275 1.0
73 280 1.0
73 287 1.0
73 296 1.0
73 406 1.0
73 466 1.0
73 832 1.0
74 51 1.0
74 85 1.0
74 123 1.0
74 149 1.0
74 216 1.0
74 479 1.0
74 579 1.0
74 679 1.0
74 810 1.0
74 840 1.0
75 32 1.0
75 77 1.0
75 80 1.0
75 88 1.0
75 89 1.0
75 95 1.0
75 97 1.0
75 108 1.0
75 116 1.0
75 117 1.0
75 121 1.0
75 168 1.0
75 199 1.0
75 209 1.0
75 216 1.0
75 219 1.0
75 227 1.0
75 234 1.0
75 240 1.0
75 286 1.0
75 361 1.0
75 367 1.0
75 399 1.0
75 471 1.0
75 520 1.0
75 528 1.0
75 680 1.0
75 804 1.0
75 858 1.0
75 861 1.0
75 879 1.0
75 883 1.0
76 32 1.0
76 157 1.0
76 173 1.0
76 238 1.0
76 262 1.0
76 406 1.0
76 520 1.0
76 707 1.0
76 816 1.0
77 32 1.0
77 286 1.0
77 317 1.0
77 320 1.0
77 472 1.0
77 506 1.0
77 550 1.0
77 618 1.0
77 646 1.0
77 657 1.0
77 660 1.0
77 864 1.0
78 32 1.0
78 42 1.0
78 52 1.0
78 96 1.0
78 100 1.0
78 224 1.0
78 259 1.0
78 420 1.0
78 449 1.0
78 662 1.0
78 790 1.0
78 821 1.0
79 32 1.0
79 36 1.0
79 210 1.0
79 447 1.0
79 505 1.0
79 508 1.0
79 601 1.0
79 758 1.0
79 890 1.0
80 32 1.0
80 73 1.0
80 121 1.0
80 149 1.0
80 157 1.0
80 352 1.0
80 382 1.0
80 389 1.0
80 420 1.0
80 468 1.0
80 520 1.0
80 564 1.0
80 697 1.0
80 719 1.0
80 785 1.0
81 33 1.0
81 208 1.0
81 267 1.0
81 313 1.0
81 404 1.0
81 490 1.0
81 495 1.0
81 505 1.0
81 525 1.0
81 674 1.0
81 676 1.0
81 762 1.0
82 34 1.0
82 53 1.0
82 160 1.0
82 282 1.0
82 348 1.0
82 456 1.0
82 461 1.0
82 466 1.0
82 516 1.0
82 571 1.0
83 34 1.0
83 36 1.0
83 37 1.0
83 39 1.0
83 59 1.0
83 62 1.0
83 157 1.0
83 164 1.0
83 796 1.0
84 35 1.0
84 45 1.0
84 56 1.0
84 215 1.0
84 354 1.0
84 397 1.0
84 562 1.0
84 679 1.0
84 680 1.0
84 726 1.0
84 881 1.0
85 35 1.0
85 39 1.0
85 42 1.0
85 55 1.0
85 115 1.0
85 146 1.0
85 215 1.0
85 227 1.0
85 320 1.0
85 392 1.0
85 419 1.0
85 434 1.0
85 474 1.0
85 476 1.0
85 492 1.0
85 505 1.0
85 508 1.0
85 672 1.0
85 700 1.0
85 721 1.0
85 726 1.0
85 729 1.0
85 741 1.0
85 750 1.0
85 758 1.0
85 759 1.0
85 765 1.0
85 784 1.0
85 795 1.0
85 798 1.0
85 799 1.0
85 820 1.0
85 833 1.0
85 891 1.0
86 36 1.0
86 42 1.0
86 63 1.0
86 66 1.0
86 67 1.0
86 85 1.0
86 131 1.0
86 146 1.0
86 155 1.0
86 178 1.0
86 186 1.0
86 244 1.0
86 246 1.0
86 429 1.0
86 457 1.0
86 540 1.0
86 550 1.0
86 588 1.0
86 697 1.0
86 707 1.0
86 785 1.0
87 36 1.0
87 49 1.0
87 52 1.0
87 509 1.0
87 545 1.0
87 621 1.0
87 686 1.0
87 738 1.0
88 36 1.0
88 53 1.0
88 75 1.0
88 192 1.0
88 193 1.0
88 388 1.0
88 451 1.0
88 677 1.0
88 678 1.0
89 36 1.0
89 116 1.0
89 233 1.0
89 449 1.0
89 795 1.0
89 844 1.0
89 869 1.0
89 898 1.0
90 141 1.0
90 192 1.0
90 252 1.0
90 301 1.0
90 442 1.0
90 558 1.0
90 589 1.0
90 608 1.0
90 648 1.0
90 674 1.0
90 717 1.0
90 766 1.0
91 36 1.0
91 60 1.0
91 62 1.0
91 75 1.0
91 76 1.0
91 99 1.0
91 128 1.0
91 146 1.0
91 198 1.0
91 228 1.0
91 240 1.0
91 280 1.0
91 397 1.0
91 625 1.0
91 689 1.0
91 707 1.0
91 737 1.0
91 769 1.0
91 817 1.0
92 36 1.0
92 39 1.0
92 40 1.0
92 146 1.0
92 178 1.0
92 398 1.0
92 530 1.0
92 710 1.0
93 40 1.0
93 95 1.0
93 118 1.0
93 133 1.0
93 134 1.0
93 138 1.0
93 157 1.0
93 164 1.0
93 185 1.0
93 223 1.0
93 234 1.0
93 235 1.0
93 324 1.0
93 354 1.0
93 419 1.0
93 456 1.0
93 457 1.0
93 469 1.0
93 545 1.0
93 579 1.0
93 589 1.0
93 663 1.0
93 664 1.0
93 707 1.0
94 40 1.0
94 72 1.0
94 95 1.0
94 196 1.0
94 199 1.0
94 264 1.0
94 487 1.0
94 495 1.0
94 512 1.0
94 549 1.0
94 854 1.0
95 41 1.0
95 157 1.0
95 193 1.0
95 198 1.0
95 214 1.0
95 281 1.0
95 311 1.0
95 579 1.0
96 42 1.0
96 47 1.0
96 95 1.0
96 141 1.0
96 165 1.0
96 225 1.0
96 461 1.0
96 588 1.0
96 608 1.0
96 705 1.0
96 758 1.0
96 786 1.0
97 44 1.0
97 155 1.0
97 290 1.0
97 513 1.0
97 599 1.0
97 699 1.0
97 703 1.0
97 708 1.0
97 747 1.0
98 44 1.0
98 259 1.0
98 315 1.0
98 353 1.0
98 357 1.0
98 426 1.0
98 504 1.0
98 595 1.0
98 682 1.0
98 693 1.0
98 703 1.0
98 707 1.0
98 716 1.0
98 822 1.0
99 69 1.0
99 169 1.0
99 190 1.0
99 272 1.0
99 385 1.0
99 425 1.0
99 458 1.0
99 579 1.0
99 660 1.0
99 687 1.0
99 769 1.0
99 835 1.0
100 60 1.0
100 75 1.0
100 79 1.0
100 123 1.0
100 179 1.0
100 360 1.0
100 693 1.0
100 771 1.0
101 45 1.0
101 223 1.0
101 429 1.0
101 619 1.0
101 729 1.0
101 732 1.0
101 796 1.0
101 835 1.0
102 45 1.0
102 95 1.0
102 352 1.0
102 408 1.0
102 429 1.0
102 522 1.0
102 523 1.0
102 548 1.0
102 589 1.0
102 740 1.0
103 45 1.0
103 66 1.0
103 179 1.0
103 373 1.0
103 414 1.0
103 579 1.0
103 663 1.0
103 664 1.0
103 680 1.0
103 687 1.0
103 812 1.0
104 45 1.0
104 167 1.0
104 193 1.0
104 199 1.0
104 287 1.0
104 719 1.0
104 821 1.0
104 863 1.0
105 45 1.0
105 48 1.0
105 109 1.0
105 130 1.0
105 157 1.0
105 232 1.0
105 296 1.0
105 311 1.0
105 335 1.0
105 405 1.0
105 410 1.0
105 423 1.0
105 433 1.0
105 537 1.0
105 786 1.0
105 844 1.0
105 895 1.0
106 45 1.0
106 52 1.0
106 164 1.0
106 262 1.0
106 294 1.0
106 307 1.0
106 391 1.0
106 504 1.0
106 661 1.0
106 683 1.0
106 687 1.0
106 786 1.0
107 45 1.0
107 116 1.0
107 117 1.0
107 193 1.0
107 218 1.0
107 373 1.0
107 442 1.0
107 448 1.0
107 454 1.0
107 505 1.0
107 508 1.0
107 749 1.0
107 757 1.0
107 768 1.0
107 857 1.0
107 890 1.0
108 62 1.0
108 68 1.0
108 98 1.0
108 234 1.0
108 320 1.0
108 341 1.0
108 355 1.0
108 694 1.0
108 717 1.0
109 203 1.0
109 204 1.0
109 395 1.0
109 574 1.0
109 590 1.0
109 699 1.0
109 707 1.0
109 708 1.0
109 716 1.0
109 764 1.0
109 767 1.0
109 780 1.0
109 788 1.0
109 825 1.0
109 830 1.0
109 831 1.0
109 847 1.0
110 47 1.0
110 73 1.0
110 95 1.0
110 104 1.0
110 107 1.0
110 126 1.0
110 225 1.0
110 242 1.0
110 280 1.0
110 350 1.0
110 407 1.0
110 584 1.0
110 707 1.0
111 47 1.0
111 55 1.0
111 173 1.0
111 273 1.0
111 354 1.0
111 493 1.0
111 522 1.0
111 795 1.0
111 796 1.0
112 57 1.0
112 124 1.0
112 170 1.0
112 199 1.0
112 205 1.0
112 275 1.0
112 643 1.0
112 653 1.0
112 694 1.0
113 47 1.0
113 56 1.0
113 101 1.0
113 201 1.0
113 202 1.0
113 413 1.0
113 526 1.0
113 693 1.0
113 697 1.0
113 780 1.0
113 865 1.0
114 47 1.0
114 48 1.0
114 95 1.0
114 104 1.0
114 143 1.0
114 199 1.0
114 280 1.0
114 302 1.0
114 372 1.0
114 394 1.0
114 425 1.0
114 702 1.0
114 707 1.0
115 47 1.0
115 69 1.0
115 166 1.0
115 228 1.0
115 373 1.0
115 429 1.0
115 701 1.0
115 707 1.0
115 743 1.0
116 50 1.0
116 54 1.0
116 182 1.0
116 209 1.0
116 317 1.0
116 468 1.0
116 520 1.0
116 632 1.0
117 51 1.0
117 92 1.0
117 116 1.0
117 143 1.0
117 144 1.0
117 150 1.0
117 173 1.0
117 429 1.0
117 514 1.0
117 549 1.0
117 579 1.0
117 707 1.0
117 729 1.0
117 737 1.0
117 744 1.0
117 747 1.0
117 799 1.0
118 52 1.0
118 95 1.0
118 185 1.0
118 349 1.0
118 575 1.0
118 576 1.0
118 763 1.0
118 810 1.0
118 817 1.0
119 54 1.0
119 88 1.0
119 131 1.0
119 146 1.0
119 388 1.0
119 432 1.0
119 579 1.0
119 683 1.0
119 687 1.0
119 731 1.0
119 823 1.0
119 824 1.0
119 826 1.0
120 141 1.0
120 229 1.0
120 332 1.0
120 460 1.0
120 482 1.0
120 508 1.0
120 513 1.0
120 558 1.0
121 66 1.0
121 127 1.0
121 157 1.0
121 163 1.0
121 206 1.0
121 215 1.0
121 216 1.0
121 217 1.0
121 218 1.0
121 349 1.0
121 414 1.0
121 627 1.0
121 749 1.0
122 55 1.0
122 114 1.0
122 157 1.0
122 193 1.0
122 227 1.0
122 276 1.0
122 352 1.0
122 388 1.0
122 438 1.0
122 520 1.0
122 573 1.0
122 675 1.0
122 677 1.0
122 688 1.0
122 800 1.0
122 858 1.0
122 885 1.0
123 56 1.0
123 63 1.0
123 64 1.0
123 65 1.0
123 100 1.0
123 109 1.0
123 185 1.0
123 747 1.0
124 58 1.0
124 333 1.0
124 375 1.0
124 376 1.0
124 385 1.0
124 455 1.0
124 593 1.0
124 598 1.0
124 646 1.0
124 655 1.0
125 59 1.0
125 101 1.0
125 216 1.0
125 500 1.0
125 677 1.0
125 679 1.0
125 699 1.0
125 707 1.0
125 764 1.0
125 836 1.0
126 62 1.0
126 81 1.0
126 89 1.0
126 157 1.0
126 331 1.0
126 388 1.0
126 660 1.0
126 782 1.0
127 62 1.0
127 95 1.0
127 157 1.0
127 321 1.0
127 342 1.0
127 480 1.0
127 572 1.0
127 662 1.0
128 62 1.0
128 104 1.0
128 105 1.0
128 111 1.0
128 342 1.0
128 407 1.0
128 708 1.0
128 855 1.0
129 62 1.0
129 130 1.0
129 168 1.0
129 209 1.0
129 462 1.0
129 708 1.0
129 731 1.0
129 780 1.0
129 800 1.0
129 832 1.0
130 167 1.0
130 199 1.0
130 211 1.0
130 235 1.0
130 267 1.0
130 377 1.0
130 455 1.0
130 456 1.0
130 663 1.0
130 786 1.0
131 75 1.0
131 124 1.0
131 194 1.0
131 227 1.0
131 242 1.0
131 579 1.0
131 583 1.0
131 675 1.0
131 757 1.0
132 104 1.0
132 305 1.0
132 345 1.0
132 352 1.0
132 472 1.0
132 582 1.0
132 691 1.0
132 707 1.0
132 727 1.0
133 65 1.0
133 95 1.0
133 102 1.0
133 119 1.0
133 185 1.0
133 520 1.0
133 525 1.0
133 618 1.0
133 641 1.0
133 650 1.0
133 708 1.0
134 96 1.0
134 190 1.0
134 339 1.0
134 360 1.0
134 604 1.0
134 638 1.0
134 657 1.0
134 659 1.0
135 67 1.0
135 95 1.0
135 169 1.0
135 195 1.0
135 198 1.0
135 244 1.0
135 627 1.0
135 658 1.0
135 687 1.0
136 68 1.0
136 73 1.0
136 99 1.0
136 155 1.0
136 185 1.0
136 342 1.0
136 526 1.0
136 708 1.0
137 69 1.0
137 168 1.0
137 184 1.0
137 208 1.0
137 278 1.0
137 412 1.0
137 581 1.0
137 587 1.0
137 687 1.0
137 707 1.0
137 711 1.0
137 747 1.0
137 766 1.0
138 72 1.0
138 121 1.0
138 161 1.0
138 185 1.0
138 199 1.0
138 300 1.0
138 337 1.0
138 407 1.0
138 504 1.0
138 596 1.0
138 754 1.0
138 812 1.0
139 72 1.0
139 82 1.0
139 300 1.0
139 407 1.0
139 572 1.0
139 618 1.0
139 649 1.0
139 887 1.0
140 117 1.0
140 151 1.0
140 153 1.0
140 262 1.0
140 446 1.0
140 453 1.0
140 485 1.0
140 621 1.0
140 635 1.0
140 660 1.0
141 168 1.0
141 455 1.0
141 499 1.0
141 581 1.0
141 633 1.0
141 654 1.0
141 660 1.0
141 707 1.0
141 710 1.0
141 750 1.0
142 73 1.0
142 169 1.0
142 220 1.0
142 341 1.0
142 352 1.0
142 463 1.0
142 604 1.0
142 719 1.0
143 73 1.0
143 123 1.0
143 185 1.0
143 205 1.0
143 302 1.0
143 763 1.0
143 780 1.0
143 812 1.0
144 74 1.0
144 113 1.0
144 130 1.0
144 142 1.0
144 151 1.0
144 157 1.0
144 259 1.0
144 261 1.0
144 364 1.0
144 445 1.0
144 466 1.0
144 527 1.0
144 785 1.0
145 74 1.0
145 139 1.0
145 145 1.0
145 148 1.0
145 293 1.0
145 371 1.0
145 527 1.0
145 602 1.0
145 691 1.0
145 694 1.0
145 778 1.0
145 871 1.0
146 74 1.0
146 265 1.0
146 293 1.0
146 420 1.0
146 435 1.0
146 488 1.0
146 502 1.0
146 812 1.0
147 75 1.0
147 162 1.0
147 168 1.0
147 173 1.0
147 235 1.0
147 274 1.0
147 684 1.0
147 707 1.0
147 708 1.0
147 786 1.0
147 862 1.0
147 879 1.0
148 75 1.0
148 186 1.0
148 199 1.0
148 228 1.0
148 429 1.0
148 457 1.0
148 458 1.0
148 579 1.0
148 648 1.0
149 75 1.0
149 98 1.0
149 157 1.0
149 169 1.0
149 198 1.0
149 209 1.0
149 259 1.0
149 331 1.0
149 511 1.0
149 544 1.0
149 662 1.0
149 722 1.0
149 755 1.0
149 782 1.0
149 864 1.0
150 77 1.0
150 131 1.0
150 157 1.0
150 167 1.0
150 610 1.0
150 640 1.0
150 723 1.0
150 770 1.0
150 772 1.0
150 844 1.0
150 869 1.0
150 874 1.0
150 889 1.0
150 897 1.0
150 898 1.0
151 77 1.0
151 131 1.0
151 157 1.0
151 158 1.0
151 260 1.0
151 408 1.0
151 537 1.0
151 539 1.0
151 584 1.0
151 645 1.0
151 869 1.0
151 874 1.0
151 897 1.0
151 900 1.0
152 78 1.0
152 116 1.0
152 330 1.0
152 387 1.0
152 420 1.0
152 438 1.0
152 476 1.0
152 559 1.0
152 564 1.0
152 677 1.0
152 679 1.0
153 79 1.0
153 95 1.0
153 168 1.0
153 299 1.0
153 352 1.0
153 353 1.0
153 355 1.0
153 357 1.0
153 374 1.0
153 409 1.0
153 544 1.0
153 597 1.0
153 733 1.0
153 745 1.0
154 81 1.0
154 168 1.0
154 178 1.0
154 183 1.0
154 263 1.0
154 387 1.0
154 490 1.0
154 508 1.0
154 520 1.0
154 524 1.0
154 532 1.0
154 544 1.0
154 664 1.0
154 687 1.0
154 766 1.0
154 768 1.0
154 786 1.0
155 91 1.0
155 198 1.0
155 199 1.0
155 227 1.0
155 256 1.0
155 487 1.0
155 579 1.0
155 618 1.0
156 95 1.0
156 101 1.0
156 121 1.0
156 122 1.0
156 125 1.0
156 157 1.0
156 261 1.0
156 295 1.0
156 296 1.0
156 504 1.0
156 554 1.0
156 572 1.0
156 869 1.0
157 223 1.0
157 290 1.0
157 362 1.0
157 388 1.0
157 437 1.0
157 481 1.0
157 707 1.0
157 708 1.0
158 95 1.0
158 218 1.0
158 294 1.0
158 457 1.0
158 548 1.0
158 564 1.0
158 854 1.0
158 872 1.0
159 95 1.0
159 175 1.0
159 212 1.0
159 321 1.0
159 325 1.0
159 396 1.0
159 532 1.0
159 612 1.0
159 620 1.0
159 638 1.0
159 827 1.0
160 164 1.0
160 168 1.0
160 234 1.0
160 318 1.0
160 354 1.0
160 388 1.0
160 408 1.0
160 500 1.0
160 608 1.0
160 680 1.0
160 707 1.0
160 788 1.0
161 95 1.0
161 157 1.0
161 158 1.0
161 195 1.0
161 241 1.0
161 428 1.0
161 575 1.0
161 707 1.0
161 752 1.0
161 754 1.0
162 95 1.0
162 117 1.0
162 167 1.0
162 168 1.0
162 221 1.0
162 266 1.0
162 286 1.0
162 353 1.0
162 716 1.0
163 95 1.0
163 155 1.0
163 175 1.0
163 185 1.0
163 199 1.0
163 234 1.0
163 259 1.0
163 300 1.0
163 322 1.0
163 352 1.0
163 542 1.0
163 650 1.0
163 657 1.0
163 731 1.0
164 101 1.0
164 199 1.0
164 305 1.0
164 464 1.0
164 636 1.0
164 712 1.0
164 764 1.0
164 812 1.0
164 821 1.0
164 862 1.0
164 894 1.0
165 104 1.0
165 111 1.0
165 131 1.0
165 306 1.0
165 399 1.0
165 786 1.0
165 898 1.0
165 899 1.0
165 900 1.0
166 104 1.0
166 106 1.0
166 167 1.0
166 199 1.0
166 637 1.0
166 707 1.0
166 708 1.0
166 763 1.0
166 789 1.0
167 117 1.0
167 158 1.0
167 294 1.0
167 362 1.0
167 369 1.0
167 557 1.0
167 591 1.0
167 694 1.0
168 115 1.0
168 116 1.0
168 136 1.0
168 219 1.0
168 221 1.0
168 223 1.0
168 271 1.0
168 397 1.0
168 691 1.0
168 812 1.0
168 885 1.0
169 217 1.0
169 221 1.0
169 224 1.0
169 227 1.0
169 305 1.0
169 419 1.0
169 476 1.0
169 677 1.0
169 707 1.0
170 121 1.0
170 157 1.0
170 185 1.0
170 197 1.0
170 210 1.0
170 218 1.0
170 222 1.0
170 260 1.0
170 332 1.0
170 345 1.0
170 352 1.0
170 563 1.0
170 623 1.0
170 648 1.0
170 649 1.0
171 125 1.0
171 454 1.0
171 552 1.0
171 700 1.0
171 729 1.0
171 796 1.0
171 833 1.0
171 834 1.0
171 835 1.0
172 129 1.0
172 417 1.0
172 682 1.0
172 692 1.0
172 762 1.0
172 833 1.0
172 853 1.0
172 891 1.0
173 131 1.0
173 144 1.0
173 192 1.0
173 201 1.0
173 385 1.0
173 502 1.0
173 747 1.0
173 786 1.0
174 131 1.0
174 259 1.0
174 359 1.0
174 603 1.0
174 659 1.0
174 687 1.0
174 713 1.0
174 895 1.0
174 898 1.0
175 139 1.0
175 225 1.0
175 251 1.0
175 252 1.0
175 299 1.0
175 429 1.0
175 806 1.0
175 828 1.0
175 859 1.0
176 141 1.0
176 269 1.0
176 320 1.0
176 380 1.0
176 383 1.0
176 421 1.0
176 432 1.0
176 444 1.0
176 489 1.0
176 505 1.0
176 506 1.0
176 586 1.0
176 616 1.0
176 717 1.0
176 783 1.0
176 795 1.0
176 843 1.0
177 146 1.0
177 147 1.0
177 157 1.0
177 168 1.0
177 429 1.0
177 530 1.0
177 536 1.0
177 678 1.0
177 820 1.0
178 157 1.0
178 168 1.0
178 169 1.0
178 228 1.0
178 234 1.0
178 435 1.0
178 691 1.0
178 814 1.0
178 872 1.0
179 167 1.0
179 202 1.0
179 259 1.0
179 321 1.0
179 521 1.0
179 635 1.0
179 697 1.0
179 812 1.0
180 168 1.0
180 179 1.0
180 214 1.0
180 311 1.0
180 348 1.0
180 350 1.0
180 399 1.0
180 420 1.0
180 599 1.0
180 707 1.0
180 722 1.0
180 774 1.0
181 183 1.0
181 187 1.0
181 319 1.0
181 592 1.0
181 644 1.0
181 763 1.0
181 844 1.0
181 900 1.0
182 195 1.0
182 199 1.0
182 286 1.0
182 357 1.0
182 649 1.0
182 657 1.0
182 684 1.0
182 707 1.0
182 708 1.0
182 800 1.0
182 812 1.0
183 199 1.0
183 219 1.0
183 222 1.0
183 223 1.0
183 227 1.0
183 563 1.0
183 675 1.0
183 677 1.0
183 679 1.0
183 729 1.0
184 212 1.0
184 213 1.0
184 243 1.0
184 259 1.0
184 506 1.0
184 625 1.0
184 638 1.0
184 660 1.0
184 668 1.0
184 771 1.0
184 804 1.0
184 814 1.0
185 252 1.0
185 264 1.0
185 388 1.0
185 416 1.0
185 603 1.0
185 612 1.0
185 710 1.0
185 858 1.0
186 252 1.0
186 376 1.0
186 383 1.0
186 506 1.0
186 538 1.0
186 566 1.0
186 612 1.0
186 708 1.0
186 756 1.0
186 860 1.0
187 279 1.0
187 333 1.0
187 356 1.0
187 522 1.0
187 662 1.0
187 729 1.0
187 796 1.0
187 797 1.0
187 799 1.0
187 803 1.0
187 821 1.0
187 833 1.0
188 286 1.0
188 336 1.0
188 420 1.0
188 492 1.0
188 658 1.0
188 722 1.0
188 752 1.0
188 821 1.0
188 840 1.0
188 886 1.0
